123456Admin
2
39393 HatsuneMiku 39
24771 syhien 123
4
11391 2 30
Hello, This is a text for test!
Only for test~
17421 2 41
Who Will Win The Last Presidential Debate?
We partnered with Ipsos to poll voters before and after the candidates take the stage.
22392 2 12
Windows Linux 
10122 3 21
Google Tencent Baidu 
9
19 57 6 17 9 120 6 290 0 3939 11391 39393 100
49 27 6 22 9 120 4 295 0 10 10122 24771 100
1 29 6 22 9 120 4 295 0 5 10122 24771 0
21 30 6 22 9 120 4 295 0 6 10122 24771 0
11 31 6 22 9 120 4 295 0 19 10122 24771 0
29 38 6 22 9 120 4 295 0 3 10122 24771 0
34 40 6 22 9 120 4 295 0 8 10122 24771 100
21 41 6 22 9 120 4 295 0 6 10122 24771 100
29 42 6 22 9 120 4 295 0 5 10122 24771 66
